0 35
0 92
0 76
0 9
0 49
1 87
1 69
1 58
2 14
2 75
3 94
3 4
3 77
4 29
4 8
5 93
5 84
5 76
6 14
6 93
6 83
6 74
7 99
7 30
7 29
7 51
7 74
7 95
7 40
7 65
8 90
8 34
8 49
8 97
8 43
8 76
8 86
9 77
9 42
9 56
9 96
9 12
10 70
10 37
10 23
10 79
11 69
11 27
11 13
11 96
12 48
12 29
12 82
12 70
13 94
13 80
13 31
14 81
14 92
14 43
15 48
15 57
15 72
16 69
16 85
17 28
17 31
17 54
18 33
19 27
19 80
19 25
19 24
20 97
20 46
20 31
20 87
20 58
20 69
20 67
21 81
21 70
21 30
21 48
22 64
23 35
24 73
24 52
25 71
25 88
26 85
26 33
27 72
27 83
27 69
27 62
27 61
27 37
27 68
28 53
28 87
28 31
28 75
29 64
29 98
29 70
30 72
30 65
30 51
30 40
31 35
31 60
31 59
31 74
32 70
33 77
33 68
33 92
33 67
33 58
33 50
33 64
34 89
34 81
34 96
35 43
35 48
35 85
36 54
37 80
37 55
38 81
38 82
39 46
39 91
40 51
40 91
40 66
40 58
41 98
41 62
43 97
43 93
44 45
45 47
45 54
46 79
46 51
47 97
47 83
48 59
48 76
50 63
51 85
52 59
52 62
53 84
54 75
54 89
54 74
54 76
54 77
55 84
56 66
57 75
57 68
58 68
58 81
58 82
59 67
60 84
60 73
61 64
62 93
62 91
63 65
64 97
64 77
67 99
68 93
68 87
68 98
69 89
69 94
71 88
71 95
71 84
72 74
72 79
73 92
74 95
80 90
82 87
82 98
83 91
83 86
85 91
86 94
89 93
93 96
