-1.973475512757975892e-01 -8.384171453655151485e-01 1.626004232069924171e-01 4.461770696142193238e-01 1.805484956624177628e-01
-1.973475512757975892e-01 -8.384171453655151485e-01 1.626004232069924171e-01 4.461770696142193238e-01 1.805484956624177628e-01
-1.807624518551792236e-01 -8.340155731274616624e-01 1.587913902657428489e-01 4.621800371002183772e-01 1.814328180448313288e-01
-1.472948553614948641e-01 -8.237994653846095749e-01 1.509059860111811036e-01 4.933925259828138565e-01 1.828930428046929846e-01
-9.850439196436379385e-02 -8.049331451712778973e-01 1.352652717798134840e-01 5.378546490232587463e-01 1.865347135061078965e-01
-3.810115170045103028e-02 -7.734948265919582289e-01 1.049242686977406303e-01 5.923422390455351794e-01 1.958969758708435926e-01
2.759393832798743423e-02 -7.247348138503596493e-01 5.067969737521704765e-02 6.519491623988050710e-01 2.153877482176938807e-01
8.904908902269345616e-02 -6.530525850867827664e-01 -3.685714918562861542e-02 7.090566024645171828e-01 2.479372217136481260e-01
1.331908145506970620e-01 -5.521491105752310835e-01 -1.637501233619604313e-01 7.520620165566036519e-01 2.915136136822096824e-01
1.446401407657070259e-01 -4.163849989889502057e-01 -3.275995143536185039e-01 7.654763177870843593e-01 3.353018452061491406e-01
1.104494292914334069e-01 -2.438563483874037485e-01 -5.120222303034559497e-01 7.337120689038980625e-01 3.575399845334703564e-01
2.869785622085771135e-02 -3.993079149000232364e-02 -6.844828356247142365e-01 6.491433418528190780e-01 3.281434661891251547e-01
-6.472136261775231214e-02 1.848374064101267200e-01 -7.724721205661184698e-01 5.835543852599707204e-01 1.561966094523839499e-01
-1.283839777344647770e-01 3.801068916225807115e-01 -7.427646198767254848e-01 5.316233409211871264e-01 -6.865601247723840395e-02
-1.646572411067356856e-01 5.186663838341928345e-01 -6.073359178819328630e-01 4.980015956066483618e-01 -2.949757089240102048e-01
-1.834202037700809473e-01 5.894765699743090837e-01 -3.995549836209492112e-01 4.772441100453556628e-01 -4.811115014120376232e-01
-1.938438122019680021e-01 5.977482964991254200e-01 -1.620843064294879843e-01 4.611227095418813371e-01 -6.051578925019712729e-01
-2.007922649608820942e-01 5.605139984106228823e-01 6.588215261089568064e-02 4.439688904381221546e-01 -6.663765378583736965e-01
-2.053930539472245409e-01 4.998232884018379285e-01 2.573370723441165131e-01 4.243318090192823577e-01 -6.794928408844259637e-01
-2.074240573980480618e-01 4.365964424365054719e-01 3.995219758071023586e-01 4.041291661729030094e-01 -6.658983516723117058e-01
-2.072398631303179473e-01 3.868467825276164507e-01 4.906019443866306284e-01 3.869626233751535249e-01 -6.457328133620240385e-01
-2.062550231421909352e-01 3.602700031451379070e-01 5.340942837700928258e-01 3.767003159961546666e-01 -6.328542946325997898e-01
-2.062550231421909352e-01 3.602700031451379070e-01 5.340942837700928258e-01 3.767003159961546666e-01 -6.328542946325997898e-01
